.Random.seed <-
c(403L, 132L, 928941436L, 961355199L, 86465173L, -1536751444L, 
932532866L, -1135814051L, 1280806231L, -2040991682L, 937739384L, 
358764379L, -2084767047L, -477948152L, -2093175370L, 275657457L, 
707605795L, 1044672370L, 510262724L, -151108217L, -1701542051L, 
-526349996L, 663325562L, -1337546043L, 1740471327L, 534072230L, 
-1105736400L, -16093229L, 1622466033L, -751686880L, 291177918L, 
-1327039031L, -662380165L, 587638602L, 1653766060L, -1050526033L, 
819706981L, 465595420L, 268141170L, 414364909L, -785175257L, 
-1822533298L, 1921595816L, -2104296021L, -581626167L, 1512591064L, 
-2092133498L, 244500065L, -1243971597L, -1871678878L, 1512850644L, 
1494427095L, -1544073267L, -44790940L, -1060319414L, 78501557L, 
-1862513137L, 722870038L, 1291110848L, 947149187L, 1946673057L, 
-709357680L, -2008517522L, -800128487L, 585190059L, 637865626L, 
-933262756L, 1914312543L, 1342843189L, 1815087308L, -1415450078L, 
-400692099L, 2105021815L, 1987926686L, 829749592L, -1035026245L, 
-197853607L, -246624792L, 127014934L, -674094191L, -1116009405L, 
-1299160238L, 521070564L, -466414041L, 1252945533L, 1892372340L, 
-1315364006L, 1073272229L, 166613439L, -1662150074L, -938526512L, 
-571550989L, 1457816593L, -558493120L, -2030860770L, -1362112279L, 
-1657146853L, -855174614L, -1761708724L, 1990907663L, -1545053627L, 
1568623612L, -269331886L, 332476365L, 1287661959L, 21339246L, 
1857102920L, -167051701L, 614593449L, 1831779064L, -268825050L, 
906913601L, -532796205L, 779333762L, 1792446132L, -1698125257L, 
1471131949L, 461636164L, 25206634L, -510628907L, -802296465L, 
887199862L, -580209760L, 606790755L, -1084100351L, -2050442128L, 
-234948594L, 499058809L, -1179777013L, 559704378L, -1059227588L, 
1295363967L, 1651549397L, -1603503892L, -1202605502L, -694413923L, 
1213566999L, 1256981886L, -1438835912L, -1085578213L, 1610136953L, 
968084424L, -790407178L, -74712527L, 2082827363L, 531092530L, 
-1993576060L, 1644214215L, -1827652963L, -1965454828L, -501651270L, 
1166914821L, 141008607L, -176643226L, -237485328L, -1216814573L, 
374590385L, 275084896L, 417346558L, -1138906231L, 318586043L, 
2020423818L, 1698458476L, -77000465L, 196262693L, -1263327780L, 
-1105181774L, -176772435L, -1324088729L, -530570866L, 875882088L, 
1314509419L, 883731465L, 1929171608L, 1156179398L, -559110879L, 
-492386893L, -1505767134L, -1133335788L, -718646377L, -1616061555L, 
1807754916L, -1393506166L, 1259745013L, -1279053489L, -598835626L, 
-2071796480L, 289030211L, 1545827297L, 444549968L, -135324242L, 
494596953L, -194627221L, 687136986L, -1990063716L, 2039059871L, 
2062510069L, 1745643148L, -1944218782L, 176700221L, 433466295L, 
371482718L, 1960394136L, 1381427451L, -157682535L, -646884056L, 
82326486L, -1912166319L, 674654979L, -1659950446L, -468010972L, 
-1336981785L, 1592310589L, 1424303028L, -561942502L, 1975718757L, 
-920474113L, 1148657798L, -566760432L, -1099755853L, 1304354129L, 
613971200L, 435331038L, 1435376681L, -1573553189L, -1593147158L, 
2063830668L, 2037076431L, 1763960197L, 230719092L, -548159480L, 
281751994L, 127766480L, 1341655532L, 2111874964L, 724521682L, 
33160800L, 486499660L, -1041677024L, -30954878L, 841390568L, 
-31506452L, -1625143748L, 2100643442L, -930305168L, 1770236196L, 
1847829048L, -1103898214L, 1094072784L, 997189052L, 1872943252L, 
1941632130L, -230120000L, -1372452036L, 2035870864L, 1136794402L, 
1060271624L, 1265149196L, 316470684L, -352080366L, -1949959296L, 
97309460L, 565555496L, 495846458L, -492262448L, 94722668L, -156200396L, 
-500311406L, 809723232L, 450009420L, 1123362784L, -1402767966L, 
-869927512L, -1759684980L, -434356804L, -259928462L, 713651184L, 
1710566980L, -704106408L, -1316505542L, 492380272L, -947857348L, 
-1859084012L, -429071678L, -2056034592L, 1941862524L, -1964099888L, 
1300527522L, 1869457448L, -1041560820L, 226576828L, 1266045746L, 
-1394017600L, -540562380L, -1373589816L, 1826141370L, -250620272L, 
-1272815892L, 1745914452L, 1375089298L, -491488992L, 445940172L, 
439509728L, -1789071166L, 1072229416L, 1312577452L, 1686559420L, 
-656405518L, 799209008L, 590790564L, 283266488L, 2031765338L, 
-549384048L, -1918747780L, -1253957356L, 1581693250L, 1794195712L, 
-530231876L, 2118443344L, 1856608546L, 1523604040L, -1415303156L, 
239785564L, -502199854L, 1886156288L, -1672874668L, -920081176L, 
-683196166L, -1423644976L, -1812624596L, -620031756L, 1242716562L, 
-1912275616L, 1143409676L, 227540192L, 727556706L, -623262552L, 
-2128659380L, -1937500292L, -1269016270L, -1076964752L, 765825860L, 
1852060632L, 1544766330L, -1300248528L, 1264578492L, 115794516L, 
-42872766L, -1832096096L, -434396484L, -1784198192L, -335618718L, 
433757928L, -1341997876L, -269135364L, -899219982L, -1707654016L, 
-151664140L, -178742648L, 1229425466L, 1642810704L, -1035539348L, 
1563977108L, 1923235922L, -1917911584L, -447367988L, 838573728L, 
994546050L, -270419736L, -79611156L, 2134304060L, 1209569394L, 
-1322266000L, -119944668L, -1931061192L, -792237798L, 98796752L, 
-1166259908L, -1850694764L, 1003566978L, 894192576L, -275593668L, 
558293392L, 1058412578L, -1521081080L, 1121785996L, 750227228L, 
1610495122L, -1167780480L, 543936532L, 1432327976L, 1459906106L, 
1232286160L, -134317716L, 1185838004L, -115455470L, 1194747872L, 
259058124L, -289490720L, 1506806818L, -890432728L, 964172300L, 
806683452L, -1893769230L, 1535226608L, -27354556L, 555118168L, 
-186411206L, -254529552L, -1291263300L, -1945496300L, -1626923838L, 
2041801824L, -396348036L, -1904095280L, 724459810L, -782690648L, 
-383158388L, -434441028L, -1576727758L, -659913152L, -791505740L, 
-955136952L, 1368737210L, -1747015152L, -40502036L, -721878700L, 
1791226642L, -770765408L, 1909291724L, -345097632L, -1466343486L, 
988689192L, 2092423596L, 960425276L, 1196899186L, 913554736L, 
-795293916L, 1119175992L, 697853658L, -1285488752L, -330958084L, 
-1046656108L, -374184894L, -359484160L, -418244548L, 1133346128L, 
696136866L, -1713411256L, 397844236L, -1378353444L, -2092953774L, 
243299968L, 1906104404L, -809868312L, 921639674L, -1956002536L, 
-1844298698L, -98065725L, 12259077L, -1178320222L, 69595280L, 
-1387134919L, 300855531L, -1513741860L, -2075039734L, 2094946047L, 
535267145L, 935541982L, -465116532L, -191289763L, -1962627993L, 
-1276395120L, 1507189166L, 1912853595L, 471745597L, -942044502L, 
1700607816L, -1756398735L, -1922695965L, 1254134756L, 70845202L, 
-892154137L, 989313201L, -335611146L, 2001935636L, 966722085L, 
-1405186257L, -516149016L, 1854099910L, -573931405L, -136254763L, 
-343689038L, -353129344L, 832122985L, 869264603L, -2019958740L, 
1739841594L, 214294255L, -280956551L, 870424078L, -1725784100L, 
1548720205L, 2053749687L, -1970313920L, -1162779618L, 628687595L, 
734947949L, 1854847706L, -1318296936L, 1554440449L, -59963725L, 
-2109959724L, -601751326L, -1024116361L, 260958401L, 791376966L, 
544152452L, -431862475L, -1262912737L, 1483951736L, -1850494122L, 
-1958888989L, -980889691L, 679546434L, 1298756656L, -100579239L, 
-57137717L, -2068486596L, 1988483178L, 1383539359L, 791801641L, 
-1831103554L, 989504172L, 1916555261L, 694540103L, -777922512L, 
1960571214L, -841467525L, -643285283L, 1523218186L, -664121816L, 
-519235951L, 1101971075L, 1647427460L, 1701459378L, -1919886585L, 
1283494225L, 917989590L, 1399604660L, 441876933L, 1534546191L, 
1233670024L, -1247142234L, 1145785939L, -355733579L, 1941216530L, 
-1621195040L, -198780087L, -439995013L, -1441718196L, 1245247962L, 
-866634801L, -428810855L, 1526080942L, -1592905028L, 1277039405L, 
-850804521L, -1871820512L, 700927614L, -303499189L, -598351283L, 
-1807875974L, 497553592L, 923001441L, -2039326701L, 81327668L, 
-1265467326L, 1812594775L, 377090977L, 381564006L, -850264988L, 
455735189L, -1701633857L, 1862729816L, -1888942986L, -310244221L, 
1097292997L, 1710094818L, 1090150480L, -540581511L, -1816840533L, 
1820499484L, 1175140682L, -1905755841L, -595525751L, 2125373342L, 
