.Random.seed <-
c(403L, 286L, -998500057L, -2038052733L, -555293571L, -419820453L, 
824591123L, -1314636997L, 1477898265L, -606412652L, 336676110L, 
43164112L, 1396559798L, 666925074L, -445000088L, -1880019434L, 
1285345072L, -920272775L, 1904175289L, -1369595903L, 641222583L, 
1598756745L, 1642796885L, 93030273L, 2046607351L, -71606622L, 
-1616063040L, -592823738L, -1114496136L, 1928883544L, 2018647634L, 
135356380L, 1589907694L, -823111289L, 264659795L, 484514807L, 
1400377033L, 377274559L, -1924928665L, 1517232943L, -758901787L, 
-772587168L, -1134508278L, -113155172L, -486494430L, -909518914L, 
749356932L, 140241578L, 1441139292L, 1045991237L, -659983035L, 
-2044488827L, 720190931L, 1108771421L, 1379611993L, -1948916875L, 
-1128977453L, 118495870L, 2071779900L, -1497771582L, -1576453212L, 
-1994755708L, 673162318L, -431480144L, -1558016134L, -846413613L, 
-1256858561L, 480420075L, -2064516251L, 877770339L, -2126413557L, 
-985763837L, -2023040191L, -820789444L, 502608518L, -1038413480L, 
-1561444402L, 2040156058L, -877438816L, -514643250L, 744639272L, 
-208339359L, 1747211361L, -1752799463L, -905739857L, 1910968225L, 
-148955891L, 1021677993L, 549967103L, 1582512250L, 2029298056L, 
1448586318L, 1308102272L, -29579584L, 400270810L, 51899540L, 
-749999258L, -264719201L, -336696469L, -402855457L, -804824399L, 
1446740999L, -738067681L, -1650164041L, 177968141L, -345473272L, 
-523936702L, -323969020L, -887516358L, -1614857242L, -1158011332L, 
-502114142L, -160091244L, 1821906509L, 1886928845L, -263480035L, 
-674745917L, 42999215L, -428261818L, 1130646730L, 1130222169L, 
618523594L, 1019906045L, -947293213L, -942616296L, 942517642L, 
1911577333L, 2008428051L, -390348292L, -773111581L, 1819925394L, 
1982419886L, -313808307L, -559145831L, 1749405676L, 1460615668L, 
647233379L, 1217592464L, 723620031L, 1617498881L, 119689866L, 
-1198376228L, -415088253L, 2017671141L, 459874870L, 2019099945L, 
-1125982588L, 1179993252L, -2053315489L, -933236685L, -973282142L, 
-1157873322L, 828990773L, -719552898L, -2066027975L, -249611153L, 
-67739252L, -971655938L, 452797713L, -1791582009L, -254866432L, 
-1931726065L, -26949098L, -1819327670L, -486974135L, 161192237L, 
852149032L, 1318279696L, -1329985169L, -1499398380L, -407327669L, 
59559485L, -690450034L, 1257776160L, -742954977L, 1438210121L, 
-812551990L, 179776613L, 1235033064L, 1334252976L, 956361323L, 
955498775L, -1414066242L, -1950450446L, -380797663L, 2014718610L, 
1670456565L, 1060756795L, -858442080L, -460056878L, 2128698301L, 
1088352027L, 1425033508L, 733864939L, -557897398L, -315227290L, 
-1594283371L, -388223327L, -755442316L, -1635800756L, -2065008965L, 
-683692200L, 1373462231L, -1719063319L, 585112242L, -184913804L, 
-2027189909L, 568185021L, -815652178L, 1407301681L, -1220213284L, 
-1671845636L, 176880199L, 131046267L, 2006526202L, -1820117538L, 
-1682943267L, -1656616026L, 1886279953L, 586406663L, -1036588748L, 
-197682074L, -323082183L, -1747054289L, -1724165400L, -1602511465L, 
-562559698L, 121821904L, 1745639912L, -1997155817L, -1832426406L, 
1644135399L, 1687311456L, -1330363078L, 1449887057L, 576401272L, 
-133320200L, 530177687L, 260027190L, -1283944075L, -31718416L, 
2045416508L, 2138813815L, 908508640L, -1778265752L, 1014918195L, 
-1834174490L, -352053625L, -1942198732L, -46965022L, -1349712227L, 
1048390736L, -1637808960L, -266704621L, -111094918L, 2020277025L, 
-1701052812L, -1472683032L, -1546681001L, 1386521840L, -1911732760L, 
895503551L, 2095105746L, -193429873L, -1143260160L, 1865506978L, 
-1544765591L, -1987552960L, -643638032L, -719751049L, -891228098L, 
1070779253L, 851424216L, -1120331308L, -1402726897L, 467070544L, 
631572504L, -1134647949L, -1778665786L, -2065860673L, -1822609236L, 
-44839526L, 1636459005L, -1262832056L, 1548047544L, 472680799L, 
-1593465289L, -311282403L, -760202112L, -619402295L, 2145982257L, 
157627939L, 133815923L, -1002032163L, 432399225L, -578929879L, 
925201442L, 1678736941L, 724040053L, 1322706581L, 151136553L, 
819890567L, -44504577L, -1450949107L, 2009336736L, 79017129L, 
1304012013L, -1849470881L, 1033813575L, 1831686069L, -562531991L, 
-1067179819L, 582366906L, 579252985L, -2084333267L, -1894090647L, 
-718660683L, 1795008223L, 1611634351L, 1212719933L, -2123773336L, 
-2007191615L, -1606659327L, 807543691L, 1941124283L, -1718811203L, 
-910953847L, -379305063L, 2133404442L, 2043232429L, 1273878981L, 
-686726427L, 1563495113L, -1963351297L, -65679969L, -1575199019L, 
-2004956496L, 1831407257L, 667124109L, 821179575L, -636920865L, 
1594692573L, -735809551L, -2080018099L, 1343165376L, 255288222L, 
-2083517342L, -945291173L, -412166887L, 693154742L, -2007751954L, 
-1305404199L, 1258226774L, -858912742L, -2033127494L, 1631189373L, 
875624395L, 1214970648L, 1560965876L, -84546423L, -950423712L, 
-1709630830L, -1029020070L, -1252047937L, -905920211L, 1985671158L, 
1334867822L, 187094385L, -638764514L, 1923411378L, -2032361026L, 
-828737719L, -1766127321L, -242512440L, 925818316L, -1253195331L, 
-1214995120L, 667292206L, 1515186554L, -2099760069L, 1755627177L, 
-959717002L, -1501108250L, -1352889223L, -69299602L, -2048179934L, 
1393776682L, 578895781L, 1614700787L, -792349416L, -1444726108L, 
-157103591L, 2060556744L, -1203786926L, -1899404790L, 1634513871L, 
498150765L, -665519938L, 426449262L, -548892071L, 871949550L, 
2001397250L, -586516418L, 2106801521L, -2129795153L, 2108091312L, 
319510468L, 1761337549L, 780955216L, 1582691934L, 2103539346L, 
115966507L, -415387239L, 1700116486L, 1782892670L, -1650087319L, 
-1770266330L, -1409055894L, -1514342838L, -730370547L, -129137541L, 
-828066120L, -1849217820L, -1683026455L, -1652275312L, 1155927074L, 
1385129418L, 494779327L, 937219997L, 1391282694L, -871591330L, 
1355115681L, -562895746L, 1293465074L, -544460018L, 294953321L, 
-1921550489L, -741683368L, -2285028L, 914242797L, 1254446096L, 
-351418754L, 109275210L, 31180667L, 1159686553L, 1753078550L, 
644359894L, -614459815L, -1096205122L, 775820434L, 1614185226L, 
542686741L, 1029290339L, -1324914264L, 476072228L, -1402237143L, 
-160323080L, 1931994098L, 161432586L, -940347265L, -1342297171L, 
-648294546L, 291993710L, 1673923145L, 664963294L, -790124366L, 
-2017087394L, 1053933745L, 1305704271L, -508273312L, 543571796L, 
1717045453L, 1635501504L, 2094455230L, -288975422L, 1713134171L, 
-239853255L, 1784062166L, 189569806L, 1673375417L, -2120466922L, 
664485082L, 2120559898L, 1328327197L, -474401173L, 1335534712L, 
646651092L, 1817720105L, 338729760L, -191510030L, -1332719558L, 
750791583L, 883511245L, 437813366L, -1826460690L, 1897335217L, 
-1277826850L, 924694386L, 384858238L, -813600695L, -1909110489L, 
1514527784L, 390451980L, -1979947363L, -42766960L, 1499259310L, 
-398056518L, 1313708795L, -258054743L, -666174794L, -600174682L, 
-1458558311L, 1195756558L, 1356219202L, 1892374122L, -2130593947L, 
-1543249997L, -2015222760L, -717333276L, 1357421785L, -1688278488L, 
-129205326L, 2010712106L, 655092591L, 172833709L, -1231281890L, 
-431521074L, 1807383033L, 99394126L, 475759138L, 2135976958L, 
1462036273L, 1118872559L, -1483864208L, 2013936932L, 1470804717L, 
2010514000L, 1952481310L, 632925362L, 1744673835L, 1523626009L, 
1074423398L, 2018229022L, -570358327L, 1997852454L, -1325702998L, 
-1721932694L, -353912915L, -2067600101L, 1498308792L, -2127955836L, 
1683653609L, -696721264L, 683866754L, 904056106L, 1374430655L, 
2089067901L, -397300858L, 1612700702L, 1089401249L, -11073314L, 
10518482L, 615295630L, -1745045687L, 477186631L, -1111199496L, 
-1838243364L, -538872563L, 1736858032L, 315755838L, 734986498L, 
637147521L, 2117414510L, 243040929L, 577499092L, -1326318843L, 
189554567L, 396093371L, 460844254L, 729404051L, -1028206688L, 
1033289299L, -1820720662L, 1262072097L, 1537016029L, -1812173777L, 
758670570L, -829258611L, -365363454L, 1063660593L, 1572034788L, 
-1072135651L, 608163487L, -2100968365L, -511621710L, -1158977201L, 
